	103756	106769	111047	119267	122974	226303	226874	227761	230844	231284	233868	235827	236256	236738	237533	239925	251073	258708	258753	267434	270524	270558	272237	272747	276826	276844	276877	277188	282940	283505	299967	305989	307975	311595	311867	312343	312444	316216	320150	320410	320952	328380	328867	335608	341330
xylose	0.017392208	0.01445689	0.006860621	0.013249321	0.197080365	0.033183438	0.028638715	0.043416234	0.024854129	0.030597491	0.01000313	0.007989491	0.015039276	0.030355857	0.006627524	0.005402377	0.029811273	0.136657952	0.094818246	0.029907736	0.017417196	0.038445592	0.020655588	0.021324204	0.028416821	0.024188489	0.031963398	0.039353101	0.029059736	0.007402715	0.01835365	0.013198968	0.039163	0.011371159	0.017971776	0.012230445	0.022274884	0.016836326	0.008536236	0.013469593	0.017402656	0.011657433	0.012728642	0.01113005	0.038741222
xylitol	0.038017896	0.228091538	0.136593418	0.009965794	0.031756778	0.036843817	0.011798527	0.064884482	0.024587453	0.045212146	0.005891414	0.008394755	0.044934423	0.099926526	0.080675043	0.003642052	0.021168074	0.092833737	0.035424267	0.007779469	0.015708697	0.070338617	0.006903606	0.033107121	0.016598365	0.107273428	0.013811345	0.01514034	0.243705513	0.018864985	0.01919556	0.017578895	0.00851884	0.028934534	0.024839971	0.007291227	0.166760619	0.097711913	0.00505851	0.029844392	0.04826562	0.010328607	0.01020486	0.004064344	0.016603381
xanthine	0.001273795	0.003709693	0.001186423	0.006739872	0.007115192	0.001620168	0.011590623	0.016071203	0.007680246	0.009141933	0.00055232	0.004400009	0.002689952	0.006566777	0.004518766	0.000849812	0.021168074	0.007694328	0.01405304	0.003399916	0.026291898	0.012119349	0.006461775	0.002011717	0.028679453	0.002834589	0.00834318	0.001767355	0.009906728	0.00089549	0.00875587	0.000769447	0.005087641	0.004503429	0.008012894	0.007644028	0.012040478	0.004714171	0.00300349	0.010828496	0.003210199	0.001630833	0.004608646	0.001375624	0.015898995
valine	0.272004327	0.437143624	0.436758486	1.174523514	0.539080456	0.74053672	0.248496727	0.602670098	0.217180283	0.118907321	2.251502004	0.583174943	2.821392698	0.602842547	0.756742753	2.282413199	0.090624199	0.093670077	0.174416786	0.931749856	0.513973384	1.127969313	0.78458099	0.848714829	0.40303561	0.782976343	0.899710469	0.73775282	0.163516052	3.210450246	0.417699878	2.110769529	0.589042287	2.752608611	3.569801463	1.780000165	0.491908252	1.702856604	1.167672748	0.782768218	0.724153254	2.121713268	1.746073461	2.115584947	0.212322023
urocanic acid	0.003576426	0.001091086	0.002940266	0.007258324	0.009521802	0.001560162	0.016112526	0	0.009920317	0.004913012	0.001963805	0.00428422	0.000978164	0.002478029	0.001928007	0.000303504	0.022306699	0.005965892	0.004454548	0.001959274	0.004128872	0.010553692	0.001656865	0.001149553	0.010032556	0.001952717	0.009696128	0.004006004	0.003137131	0.000955189	0.007801704	0	0.004377737	0.000675514	0.001144699	0.005115619	0	0.00183669	0.002107713	0.010722852	0.008954765	0.001268425	0.001261891	0.000875397	0.003471616
uric acid	0.007789749	0.010365317	0.003817188	0.018721867	0.039499781	0.021782257	0.041892567	0.028064637	0.012320394	0.025497909	0.011905566	0.01262108	0.004157198	0.025090045	0.013435799	0.007344805	0.025205017	0.098520849	0.034151538	0.012965781	0.010440826	0.039025465	0.012260804	0.020117174	0.018804477	0.019779129	0.015840767	0.125423281	0.001596084	0.005313239	0.021216145	0.008108783	0.0212971	0.011314866	0.009386533	0.012994848	0.00886617	0.025529992	0.002634641	0.017959457	0.013572946	0.008033361	0.013167561	0.017070246	0.02304348
urea	0.399579843	1.379405533	0.744609512	0.135200681	1.522965068	0.139214423	0.633326213	0.044015906	0.008853617	0.080287318	0.435535045	0.004573694	1.19213776	0	0.662993412	0.350122585	0.891284602	4.523372636	1.047402229	0.226929985	0.006549245	1.271371951	0.404440841	0.080813562	0.258325183	0.07943147	0.213822169	0.20465969	0.114477748	0.511861956	0.053994529	0.370518122	0.181261983	0.296438238	0.312674567	0.555544449	0.369259565	0.035999126	0.752664149	2.187356225	0.228712581	0.257731959	0.321398219	0.322959043	0.00598728
uracil	0.003478442	0.008401363	0.004023522	0.007603958	0.002092704	0.006540678	0.009771467	0.040897613	0.015893842	0.004353302	0.001166009	0.008047386	0.018523987	0.025833454	0.016327809	0.001031915	0.015371438	0.018678259	0.010446977	0.003399916	0.028285147	0.032182962	0.006572233	0.006609929	0.025790497	0.006991985	0.010203483	0.004006004	0.010622214	0.002925267	0.010046799	0.004024797	0.006744082	0.023248954	0.031593696	0.009702036	0.013572902	0.022346396	0.00300349	0.005440659	0.009799554	0.000845617	0.015746208	0.002938833	0.009207329
UDP-glucuronic acid	0.007593781	0.002836824	0	0.003053104	0.043685188	0.00444046	0.021933825	0.032202372	0.005546844	0.019714237	0.006014152	0.008857914	0.00452401	0.013257456	0.007953029	0.004795368	0.008073886	0.078783226	0.025825775	0.010026871	0.003132248	0.012235324	0.009167988	0.013449768	0.003519274	0.030991501	0.016968224	0.047247286	0.026417942	0.003104365	0.005107591	0.007339337	0.009702012	0.001294736	0.018486891	0.009643236	0.003338496	0.008326328	0.001844248	0.00792329	0.00152062	0.004046881	0.00170081	0.012505674	0.006691666
tyrosine	0.176077729	0.192576687	0.174146291	1.929677212	2.854604707	4.472263326	2.249776374	3.283982348	1.599091171	0.549884171	1.395774138	3.81764508	2.049193106	3.935729835	0.654076379	1.509084188	0.739588698	1.049996961	0.766818705	3.010423912	0.231311752	2.96680516	4.141224578	4.522053308	1.386908933	3.695736527	4.962275298	5.480449521	0.266325875	1.695102447	2.782682686	1.093146835	3.316254242	1.942610548	0.320057876	2.794597906	0.187940914	6.688490626	0.798612282	0.383275942	3.890986156	1.86700137	1.124948633	1.218552918	1.076855038
tyramine	0.976903148	1.620317331	0.893479831	0.211758715	0.40347326	2.30627893	0.429216895	0.528430737	0.218780334	0.106780267	0.729369312	0.854817634	0.918435157	0.711751929	0.146287532	0.877066789	0.07623612	0.13097084	1.193129601	0.525949715	3.387383591	0.583410408	0.652252674	1.31721507	1.494325565	0.824235354	0.731775789	1.043976501	2.685218666	0.993157861	0.512106112	0.68563609	1.312078828	0.801216376	3.904912133	0.407191502	3.922459322	1.830506565	0.329751627	0.601694633	1.285093245	0.410003407	0.438150594	0.367791886	0.150285754
tryptophan	0.036548132	0.026131511	0.025327556	0.443160988	1.210262828	1.699076024	0.864618921	0.997254103	0.422093507	0.11480278	0.544648939	1.342987109	0.773238892	1.091324048	0.181051909	0.392006182	0.161063683	0.206687486	0.502038221	1.003090466	0.46414217	0.94316373	0.566261361	1.640009495	0.834435514	0.727229435	2.016005376	2.068571011	0.068686649	0.670124849	0.972743427	0.459122855	1.014215223	0.948985152	0.861729503	0.734591109	0.034643739	1.941687539	0.279640761	0.166389087	1.330148666	0.838610386	0.660572646	0.606712796	0.281955597
tocopherol delta- NIST	1.546926625	0.01914856	0.4030228	0.00460846	0.139792603	0.008280858	0.025000403	0.008935109	0.04021462	0.02860741	0.432527969	0.503222139	0.003912657	0.003717044	0.015424056	0.210814102	1.229042183	0.018510991	0.013363645	0.016480949	0.014142573	0.012699223	0.012150346	0.071272273	0.009034553	0.004535342	0.005580911	0.006244654	0.270949015	0.076713624	1.16806667	0.086947463	0.005915861	0.036196313	0.018773066	0.010172438	0.006074968	0.005326401	0.037095741	0.008715619	1.491447073	0.024039681	0.01179594	0.04802179	0.019571864
threonine	0.175097886	0.156679956	0.083513876	0.142228582	0.150779297	0.23600445	0.157694849	0.276208803	0.133870951	0.047886317	0.496106144	0.237832092	0.383195871	0.329082274	0.10712489	0.442327198	0.059674301	0.084191558	0.040462149	0.61475091	0.066821286	0.535860807	0.256151389	0.355211814	0.168557445	0.527674403	0.214329524	0.334088976	0.046066286	0.485474857	0.14419121	0.317603872	0.163396083	0.449385957	0.6758876	0.807856179	0.076675952	0.84873449	0.285805821	0.225866583	0.156849184	0.42764056	0.260717709	0.302762378	0.049810143
threonic acid	0.013227876	0.006764733	0.0059837	0.003917191	0.01564296	0.00444046	0.012526189	0.020029036	0.01946729	0.018594816	0.005768676	0.002952638	0.011187754	0.020753494	0.012291045	0.001942428	0.040421188	0.048005915	0.030704566	0.009392988	0.010013701	0.038851503	0.03877065	0.004483256	0.045015185	0.003212534	0.022774626	0.00418274	0.01029199	0.010327982	0.024864424	0.014264356	0.006625764	0.00883798	0.004407092	0.004468816	0.009358735	0.004040718	0.003056183	0.009666414	0.015149885	0.002597252	0.011137562	0.00193838	0.01197456
threitol	0.019694838	0.059736961	0.039874136	0.002073807	0.014021114	0.003300342	0.009407636	0.004317637	0.011360364	0.005908052	0.000736427	0.003763166	0.002384276	0.018894972	0.002048507	0.001456821	0.013456477	0.037189251	0.022803046	0.008413351	0.016705321	0.015830538	0.007511123	0.024772863	0.007301179	0.066266381	0.004848064	0.002827768	0.054487005	0.001014888	0.003648279	0.001716458	0.005679227	0.002251715	0.001602579	0.002175608	0.063923992	0.005632516	0.003161569	0.019544115	0.003604434	0.001147623	0.00340162	0.002251021	0.018213406
taurine	0.384686235	0.437416396	0.298720726	0.240158347	0.586689463	0.991182687	0.205200811	0.718466711	0.114670336	0.223884078	0.357351073	0.408969304	0.949063927	0.697751065	0.339088233	0.207718358	0.037936915	0.111121705	0.054939431	0.170975436	0.652314328	0.179818674	0.642256253	0.736575954	0.607993899	0.410259447	0.600708945	0.550413208	0.414376424	0.370135774	0.309261802	0.572349878	0.562184278	0.463008831	0.536234306	0.11918804	0.230629881	1.392149864	0.160923853	0.196233479	0.982489774	0.573932288	0.144459118	0.341780083	0.057860267
sulfuric acid	0.003870379	0.018657571	0.020117611	0.003398739	0.007272145	0.007860814	0.00670489	0.005457013	0.006506875	0.005099582	0.005707307	0.00202632	0.001956329	0.017717909	0.024401339	0.005463078	0.007504574	0.020796987	0.000848485	0.018267345	0.01143745	0.006958478	0.016347738	0.001436941	0.011503297	0.006299086	0.001803931	0.001178237	0.006439373	0.022506643	0.005781119	0.008996606	0.00212971	0.029384877	0.024267621	0.007291227	0.010124947	0.020326037	0.008852393	0.013628059	0.013066072	0.016670734	0.018873504	0.004752156	0.022137841
sucrose	0.007789749	0.006655625	0.003868771	0.001612961	0.026263431	0.011701212	0.017048092	0.008635273	0.010987018	0.013930565	0.004111716	0.005152643	0.005868986	0.013009653	0.004097015	0.002245932	0.019046091	0.022692691	0.015219707	0.00455243	0.022969817	0.011945388	0.0057438	0.008736601	0.018962056	0.026897096	0.021083441	0.004123828	0.011172588	0.002089476	0.012853167	0.006925019	0.011240136	0.017788546	0.001602579	0.007467628	0.013572902	0.006061077	0.004742353	0.020864663	0.007321506	0.005134103	0.00850405	0.00306389	0.019370611
succinic acid	0.133258604	1.03713184	0.875012896	0.288143931	0.138223075	0.122412682	0.079003352	0.056788914	0.142991242	0.044092725	0.201228605	0.109189709	0.035825268	0.127308749	0.053261194	0.143071937	0.082964358	0.221016778	0.041575786	0.191835937	0.808214842	0.07004868	0.017065713	0.042878319	0.035140209	0.282010063	0.017588325	0.146572628	0.144803343	0.033730115	0.33019731	0.088959862	0.04513802	0.079035185	0.050309527	0.207153164	2.27789423	0.019224023	0.107071797	0.24382604	0.019768066	0.366876943	0.050530516	0.183145602	0.088752618
stearic acid	2.660664804	3.808163069	2.911688848	2.84278586	11.43029492	4.781835398	12.87370015	9.316500148	7.828090499	8.506910866	1.292122075	6.809767326	2.163026978	1.637729481	3.109453561	1.577129857	11.73327192	2.480863147	15.41586657	2.348765686	8.202217916	5.220772217	2.798003809	3.786971773	2.362850759	3.62165928	5.185680849	7.091334541	8.796238966	1.740056034	7.861816663	3.265294526	10.27620564	3.284745083	1.550666673	1.79487662	1.006036658	2.934112416	3.202405743	3.848183427	11.98530517	1.54077444	4.086607438	1.648122836	5.269359668
sorbitol	0.021311578	0.005018996	0.005467863	0.075809159	0.05017257	0.018481915	0.020686404	0.038139123	0.043361388	0.049565447	0.009573548	0.212705722	0.028183359	0.071553092	0.042235404	0.005827283	0.05118637	0.182489383	0.061090951	0.199096775	0.018556195	0.044824197	0.008836615	0.070467586	0.018646897	0.009259656	0.016968224	0.097911458	0.016951513	0.008417604	0.023180603	0.006273949	0.019522342	0.021503875	0.017571132	0.02157968	0.00295539	0.050019193	0.191696456	0.023664226	0.019655427	0.013107062	0.008778374	0.005189855	0.032753942
serine	0.23143884	0.311886946	0.220210461	1.042260726	0.195615472	0.733756017	0.174898868	0.464685631	0.24592787	0.102302586	0.502733984	0.41881143	0.798610029	0.719929426	0.568039066	1.2571149	0.151437126	0.159629423	0.12981827	1.087051103	0.112808378	1.030608606	0.746914917	0.483042085	0.55320879	0.63557774	0.480634803	0.538277371	0.073364826	1.307474773	0.243087634	0.555481241	0.399024829	0.956640982	1.385829998	1.887545761	0.070765172	0.587128598	0.21351128	0.538519602	0.382464205	1.241124042	0.655250757	0.887902886	0.137606809
saccharic acid	0.00205767	0.001200195	0	0.002822681	0.00868472	0.003540367	0.009979371	0.002278753	0.002666752	0.002985121	0.000920533	0.003705271	0.0010393	0.006752629	0.001205004	0.001214017	0.003260608	0.0097573	0.01564395	0	0.005552621	0.008988034	0.005578113	0.00413839	0.008876974	0.000818881	0.005073555	0.005066417	0.002421645	0.002208875	0.005388227	0.00165727	0.002721296	0.003152401	0.001602579	0.006350423	0.00295539	0.003489711	0.002581948	0.011884935	0.004505542	0.001087222	0.002962701	0.001813323	0.0170562
ribose	0.091125369	0.195795391	0.091045084	0.112619229	0.163492471	0.02712281	0.143713334	0.627856311	0.283849083	0.072389185	0.059650566	0.111042345	0.171973514	0.453045684	0.209670763	0.054023769	0.169189325	0.122997732	0.126106147	0.133749237	0.612781564	0.144620372	0.206666343	0.205080219	0.269565848	0.194074828	0.284175468	0.094848043	0.183824845	0.105608094	0.18387326	0.202956332	0.090571833	0.121085957	0.155564611	0.088259125	0.264014843	0.354175072	0.042628486	0.080342159	0.161185769	0.082387249	0.093379954	0.063466298	0.020527816
ribonic acid	0.000979843	0.003491475	0.003352935	0.001440144	0.010986694	0.006120634	0.011226792	0.005037243	0.009013622	0.003917971	0.000736427	0.002894743	0.001650652	0.003345339	0.001205004	0.001456821	0.021375097	0.011597248	0.006575762	0.007606592	0.007403495	0.001159746	0.010603938	0.006437496	0.009034553	0.00075589	0.005186301	0.004064916	0.003907654	0.001492483	0.001010293	0.001775646	0.005915861	0.000900686	0.001488109	0.005056819	0.005418215	0.004959063	0.000474235	0.00464833	0.005237693	0.004288486	0.004224593	0.001500681	0.01152174
ribitol	0.008377655	0.030986844	0.01325699	0.007085507	0.026263431	0.005880609	0.003638312	0.025905819	0.025547484	0.02941588	0.032341407	0.084700183	0.055755366	0.02465639	0.023678336	0.003338548	0.008487932	0.05475239	0.352121452	0.012965781	0.092780976	0.07004868	0.049705962	0.14076274	0.069072309	0.144564015	0.010654466	0.046245785	0.047222071	0.049610134	0.042712928	0.041194986	0.012896577	0.002195422	0.008814183	0.05962342	0.07788	0.013407838	0.020655583	0.22058439	0.010193789	0.008939379	0.316570114	0.002751248	0.031143918
pyruvic acid	0.07187146	0.193667773	0.121273084	0.043146702	0.019357509	0.022502331	0.020686404	0.020268905	0.016160517	0.006778712	0.056459383	0.026110583	0.061379811	0.054764445	0.028377853	0.011593865	0.043112483	0.052856686	0.058227312	0.044948042	0.024108816	0.042446717	0.100185127	0.041268945	0.025475338	0.164847071	0.029877603	0.085657798	0.030215521	0.017193404	0.025874717	0.031014616	0.028396133	0.032875034	0.03313904	0.022050081	0.092547491	0.003428488	0.049583938	0.257454099	0.047533469	0.113795878	0.024908636	0.084851001	0.080450928
putrescine	2.962701309	4.58256139	3.630712886	0.439992673	0.0820863	0.103510724	0.077600003	0.108600552	0.19323285	0.137813088	0.100338143	0.106584441	0.06345841	0.150788075	0.062660228	0.070048797	0.094505876	0.457812503	1.128432588	0.122281724	8.500920454	0.155464	0.055781135	1.608914092	1.743616195	6.396406498	0.171486168	0.147220658	8.61412028	0.119935931	0.073919745	0.061851667	0.096842646	0.185316118	7.792825484	0.152351362	12.59182233	0.046529482	0.083412724	0.338166012	0.054629698	0.034670294	0.047019166	0.055150024	0.067570729
pseudo uridine	0.010778269	0.021057961	0.006809037	0.019528347	0.131264835	0.055865788	0.048389553	0.123412444	0.048161541	0.055535689	0.010371343	0.029642169	0.02830563	0.134061378	0.035125878	0.006434292	0.061175216	0.218005954	0.129977361	0.026680697	0.019837569	0.100376048	0.029436975	0.092366567	0.059459965	0.153823671	0.031456043	0.127013901	0.016841438	0.005850533	0.040692342	0.009174171	0.035140215	0.022291975	0.019688825	0.020462475	0.01576208	0.065569836	0.006217752	0.053772727	0.034580036	0.026697334	0.021836205	0.024073423	0.051420168
"propane-1,3-diol NIST"	0.144281834	0.084995603	0.120911998	0.114693036	0.093857758	0.066966938	0.057641261	0.054809997	0.032267699	0.02985121	0.10770241	0.073410685	0.092069716	0.101661147	0.057478709	0.07235543	0.057759341	0.106940005	0.039295481	0.151036946	0.037824265	0.123281038	0.124872421	0.035291271	0.06339945	0.038739377	0.067478285	0.049368112	0.037260305	0.077847911	0.050177868	0.08771691	0.08217131	0.05910751	0.037775071	0.107663197	0.027036346	0.039611283	0.090473561	0.105749509	0.040775156	0.06293806	0.075274557	0.152756813	0.099821539
proline	0.802834097	4.749224783	4.398225524	0.381061996	0.101757714	0.137714267	0.110032958	0.208146061	0.102136602	0.035199552	0.849284132	0.119147626	0.572592936	0.345437267	0.333725964	0.788504228	0.050047745	0.075549378	0.01723486	0.715884004	0.046414217	0.403881671	0.1033884	0.297159398	0.140613362	1.167031594	0.076385193	0.164364	1.957899708	0.412940185	0.083124633	0.483330828	0.133225191	0.682213255	1.023876134	0.512267489	2.586075735	0.472090576	0.342819445	2.44824375	0.130604402	0.520054409	0.361559281	0.471588984	0.042866911
phosphoethanolamine	0.002645575	0.024822208	0.004745693	0.003917191	0.004028454	0.004200435	0.022297657	0.003897866	0.003413443	0.006343382	0.006075521	0.001852636	0.011615701	0.024036883	0.047597673	0.012382976	0.01557846	0.017730407	0.008750006	0.029273853	0.026719023	0.005972694	0.030431094	0.001551896	0.053787106	0.004913287	0	0.001590619	0.011667924	0.009372793	0.004097298	0.020597493	0.005797544	0.043345508	0.039778295	0.006174023	0.032180914	0.000734676	0.006797373	0.027731515	0.019261192	0.015221105	0.017611613	0.014068884	0.013131765
phosphate	18.41726992	11.88994651	18.27679769	8.255363959	10.68398449	6.762400585	12.80031019	9.148472126	10.52231005	12.46455946	10.05296136	5.92038646	6.647115607	5.199834468	11.01777683	9.934424856	20.85262311	8.969523214	10.74272702	12.02175716	9.245019133	11.65951007	10.11267789	2.261975035	13.5001434	3.049135388	8.313076694	3.924057941	9.639136419	8.420230666	10.57888646	18.1787673	9.747505133	11.42818381	5.417345855	11.72605685	5.410826579	1.702244374	14.39678321	15.41523585	6.560688807	5.264750579	14.57352739	6.471623999	17.11360788
phenylethylamine	0.061828073	0.287555727	0.15573094	0.001267326	0.007586051	0.002520261	0.011798527	0.005217144	0.004640148	0.008706603	0	0.003357902	0.000305676	0.003902896	0.001506255	0.000546308	0.008850222	0.00362414	0.01405304	0.010372625	0.670728148	0.003711188	0.00430785	0.003448658	0.004674856	0	0.006539249	0.006539213	0.916647541	0.000596993	0.00426568	0.000591882	0.008045571	0.001857665	0.317882948	0.001293605	1.305844557	0.001040791	0.003319647	0.008979729	0.003604434	0.001449629	0.002414053	0.001000454	0
phenylalanine	0.063199853	0.081940562	0.063344682	0.917083444	0.896775824	2.019149184	1.046794413	1.83931316	0.525776825	0.219219826	0.769688676	1.359834513	1.623263682	2.426981773	0.273174494	0.66157872	0.339103229	0.276549752	0.964197627	1.166632187	0.215887805	1.87855716	2.425209096	2.546144486	1.522007015	1.910701643	3.267031361	2.685142201	0.062412387	1.478871516	1.416879296	0.902738401	1.210385176	1.341740485	1.619291385	1.089450418	0.0966522	4.166225351	0.440459228	0.349417084	2.265837121	1.143998898	1.081331087	1.047100122	0.492667595
pentadecanoic acid	0.041643314	0.033114461	0.027855153	0.024136807	0.164486505	0.034203543	0.076300606	0.150157804	0.197606323	0.102116015	0.009757654	0.065479089	0.022314373	0.053029824	0.051031936	0.024523149	0.126439131	0.058822578	0.120060688	0.073415135	0.110340547	0.092257823	0.045563798	0.112311308	0.108414636	0.040692093	0.090309284	0.163892705	0.078483302	0.014745732	0.131899316	0.039774469	0.083591117	0.028821948	0.015625143	0.057212611	0.054674716	0.052651783	0.039098068	0.031323406	0.151386215	0.02047601	0.036430252	0.026199388	0.373928264
pelargonic acid	0.226000713	0.159080345	0.208036728	0.140615621	0.374750903	0.202821012	0.187580985	0.154775276	0.25344811	0.264307592	0.077693021	0.084294919	0.142078367	0.035188014	0.106040386	0.138762176	0.229588206	0.104877033	0.121492507	0.153975856	0.086658855	0.253694517	0.108966514	0.029658462	0.175595992	0.030991501	0.1784764	0.137559118	0.0965906	0.112652614	0.275922145	0.128497579	0.099563942	0.139718896	0.054087034	0.357270118	0.215250907	0.01793834	0.259775571	0.10057296	0.089040776	0.049710195	0.129481017	0.069469022	0.223390944
parabanic acid NIST	0.014354695	0.08914173	0.023418962	0.164406793	0.153866035	0.106030985	0.152601211	0.076278245	0.063202022	0.05621978	0.024793033	0.196263581	0.030139688	0.103767472	0.05500845	0.066770951	0.041973858	0.096123341	0.118628869	0.261851156	0.140476567	0.195069338	0.27189161	0.062075851	0.263157618	0.080124369	0.129713897	0.09443566	0.072154003	0.086564012	0.146436305	0.044983031	0.181143666	0.184302847	0.055746847	0.102547578	0.049913254	0.06177401	0.143429838	0.054459412	0.208606599	0.079789997	0.168325322	0.059276897	0.35989086
palmitic acid	0.734979992	0.666980899	0.681729083	0.490800939	2.107666463	0.99382296	2.027007712	1.641721322	1.227772622	1.308664625	0.286899582	1.166755149	0.575894241	0.261184275	0.578462354	0.364265887	1.861651886	0.440918435	2.623623001	0.330771487	1.396175715	0.566362137	0.413664058	0.734621714	0.372832889	0.646538149	1.060034816	1.348138268	1.313742228	0.401060021	1.526552174	0.844260461	2.112731465	0.627778053	0.221155871	0.27383261	0.19428953	0.508824378	0.580780191	0.550563003	2.217233586	0.27627513	0.715272889	0.250113489	1.04339671
oxoproline	0.54092215	1.656104954	0.823171361	0.951589285	4.924393234	2.969407631	3.248337161	6.191430811	1.670773465	1.462522738	1.443580507	7.53930048	1.775857315	7.761559077	2.19099922	1.822907656	1.140902257	2.239829967	1.531781347	5.741075076	1.200837354	6.548797778	5.23492142	5.546822148	2.527941456	7.315884026	9.008886614	7.593616786	2.652031127	2.449343636	6.514366923	1.298233943	6.198402599	2.638277799	2.789803478	4.659740785	1.387336701	7.725179735	2.185750599	0.526793133	5.869369692	2.881922885	1.093072162	1.03409422	2.093032265
ornithine	0.052029646	0.071575245	0.073816156	1.495675537	0.600710578	8.449055322	0.381191173	1.771250418	0.620393186	0.102426966	0.500340597	5.4196538	0.359781062	4.941128222	0.136948748	1.748124192	0.374141826	0.504313005	0.117462201	2.047152801	0.096103057	3.088230604	0.488388687	4.749147463	0.649384757	4.807840094	1.040529814	6.607962994	0.139299605	0.34422627	1.617871403	1.045086018	5.690585085	1.9161529	0.147723422	4.35192165	0.209449586	8.228738935	0.531143561	1.402316664	3.84632497	2.595258747	0.160260191	1.789687071	0.319740867
N-acetylputrescine	0.017588176	0.032732581	0.02181987	0.304100722	0.190279078	1.760822421	0.079003352	0.506362817	0.242087747	0.041107604	0.015342224	1.479329508	0.020541451	1.202835361	0.038198639	0.197459912	0.09181458	0.12149232	0.047621245	0.57740946	0.041810762	0.852065653	0.111727956	1.066899949	0.268672898	1.147945364	0.259596912	2.108100848	0.068411462	0.035282297	0.621217717	0.030659487	1.25067219	0.456647737	0.031937106	0.247548913	0.052868644	1.592593976	0.079091913	0.229035899	1.169695048	0.481397636	0.043837005	0.354348286	0.131871095
N-acetylmannosamine	0.001714725	0.002236726	0.004900444	0.098793851	0.002249656	0.005760597	0.002702746	0.009055043	0.002400077	0.008333463	0.000920533	0.003936851	0.001650652	0.00253998	0.000783253	0.00072841	0.013456477	0.002955068	0.009757582	0.007433715	0.000427125	0.0041171	0.005025825	0.00195424	0.003624326	0.002330662	0.003269625	0.003299062	0.00357743	0.000656693	0.007801704	0.001361329	0.003076248	0.002814643	0.000858524	0.008761232	0.003447955	0.002816258	0.004373504	0.003697535	0.004111307	0.066380929	0.002907836	0.001125511	0.010616101
N-acetylglutamate	0.004164331	0.00507355	0.002166512	0.002073807	0.007743003	0.005400559	0.007952311	0.002038884	0.00634687	0.008706603	0.001227378	0.00405264	0.000978164	0.006195073	0.000964004	0.00072841	0.019615404	0.010928176	0.007583339	0.003227039	0.011295075	0.004986909	0.002264383	0.004540734	0.009769924	0.010204519	0.004622573	0.007187243	0.01260356	0.001253686	0.006903666	0.001006199	0.007335668	0.003377572	0.001831519	0.002410809	0.005089838	0.0061223	0.002687333	0.008081756	0.002984922	0.001328827	0.001975134	0.002251021	0.016603381
n-acetyl-d-hexosamine	0.002449607	0.004418898	0.004075106	0.053976582	0.114837112	0.077528032	0.051092299	0.067223202	0.051574984	0.123260623	0.0266341	0.057315913	0.159318513	0.024036883	0.186655179	0.021184602	0.045596756	0.090157449	0.018348497	0.047368321	0.004413622	0.221685517	0.093115835	0.003678569	0.011660876	0.005606186	0.078245497	0.105628907	0.010402065	0.051878708	0.037605337	0.042437938	0.082644579	0.026570233	0.0329101	0.039748947	0.008428335	0.016346542	0.027505649	0.003856001	0.016163632	0.051703435	0.034509983	0.013756242	0.059470292
N-acetylaspartic acid	0.015775467	0.084941049	0.060455999	0.00311071	0.021764118	0.006900715	0.006341059	0.009174978	0.009386967	0.005908052	0.003988978	0.01036318	0.002934493	0.017036451	0.001807507	0.002063829	0.022927767	0.017284359	0.026090927	0.010660754	0.032983518	0.013685007	0.01099054	0.02166907	0.010190135	0.08900608	0.007497587	0.028336589	0.140895689	0.001970078	0.013975715	0.002781845	0.00851884	0.006698851	0.003262393	0.002998811	0.058451047	0.011326256	0.00374119	0.057628728	0.012164964	0.003201264	0.007681077	0.004126873	0.033206762
myristic acid	0.066384341	0.011183632	0.048591767	0.025692162	0.064507589	0.02934304	0.071051041	0.112918189	0.080269235	0.051679908	0.021847326	0.113531824	0.024026161	0.025028095	0.029643108	0.021670209	0.128354092	0.051908834	0.117037959	0.044487036	0.110625296	0.01664236	0.038384048	0.028796298	0.041390859	0.024818397	0.033654583	0.063212391	0.040177286	0.020775363	0.050626887	0.038827458	0.069984637	0.027076869	0.014137034	0.032986922	0.016309375	0.030489055	0.038623832	0.067136676	0.20697334	0.013046661	0.041697277	0.024636179	0.179819647
myo-inositol	0.273621067	0.594478232	0.37264005	0.452723542	0.518938183	0.580560146	0.193402285	0.840559878	0.63863377	0.321522412	0.131329434	0.393742955	0.414069182	0.869478486	0.2473874	0.133056295	0.532358946	0.482568166	0.215568329	0.309738109	0.165629466	0.458563712	0.424985972	0.53161069	0.149910547	0.869903725	0.565363176	1.092991142	0.399076032	0.158859886	0.283667721	0.138618761	0.443393788	0.248589301	0.101134168	0.36609015	0.368657541	0.478274099	0.127516609	0.190581533	0.321526748	0.316200329	0.149726142	0.156571044	0.288647262
methionine	0.009455482	0.030386746	0.027648819	0.157494104	0.235115253	0.436245195	0.248132896	0.239269024	0.041281321	0.006219002	0.331821613	0.476532607	0.454235054	0.359809836	0.039042142	0.20996429	0.022513722	0.021243035	0.08134854	0.449768546	0.029281771	0.506287275	0.569354176	0.728011785	0.163042165	0.35602432	0.553243017	0.432825199	0.043974866	0.375628111	0.219794776	0.24048165	0.310582706	0.262943982	0.559643403	0.426360372	0.018334364	1.378129796	0.143851381	0.060005715	0.243186635	0.303878482	0.270154461	0.365353279	0.035722426
mannitol	0.007936726	0.004418898	0.004900444	0.035139504	0.407187809	0.06138636	0.142829744	0.014931826	0.017440558	0.011380774	0.077999865	0.112605506	0.025615678	0.01957643	0.002410009	0.140704603	0.041973858	0.041092171	0.025666684	0.072320247	0.007403495	0.048245449	0.011929431	0.033681897	0.0071436	0.019401184	0.015389784	0.259329866	0.008530794	0.027581085	0.019083305	0.019591294	0.138431149	0.02454369	0.003891977	0.595881398	0.002134448	0.047019266	0.067815651	0.019438471	0.042690011	0.280080406	0.010972968	0.039205289	0.009911715
maltotriose	0.260736136	1.637174611	0.557773651	0.71465686	0.036936219	0.013741424	0.284048236	0.559613667	4.584040023	3.608265054	0.157043001	0.25543213	0.678356953	1.728611201	3.629232201	0.162071308	0.616617197	3.562585272	0.813432373	0.692430346	0.027003772	0.249577417	0.818933332	0.456659848	0.692981728	2.553208376	0.021647169	0.007894185	2.227087526	0.081310472	0.057642808	0.058418752	0.331524855	0.185766461	0.003834742	0.50174225	0.056535517	0.003306042	0.025977557	0.061167798	0.20697334	0.350810222	0.115600213	0.079098391	0.293477337
maltose	1.494260082	5.751332762	2.187093779	5.030536805	1.806735681	0.211161876	0.653804713	11.32803903	14.27976362	32.78919137	0.450754531	1.830056581	1.790590915	8.049134362	16.94513314	1.009940981	1.390882201	25.67435486	7.289762546	3.120892368	2.868142335	1.055949064	3.518187964	9.066292985	11.94010722	12.32831842	2.555831657	0.780699543	9.205111652	0.331749112	11.99773021	0.486645367	1.464708043	2.425434468	0.081445343	1.191174793	6.350914255	0.977302796	0.196438809	2.712670344	2.799574902	1.539204009	0.692339387	0.741836608	8.722561026
malic acid	0.011905089	0.010365317	0.004539358	0.002246624	0.021607165	0.003540367	0.006548962	0.003717965	0.007413571	0.017910726	0.003191183	0.001794741	0.017423552	0.007248235	0.013134548	0.002731539	0.03716058	0.091384081	0.024553047	0.017287708	0.022969817	0.005566783	0.018004604	0.003218748	0.016335732	0.003779451	0.015840767	0.003947092	0.008200569	0.01050708	0.012179639	0.01183764	0.002957931	0.0023643	0.003663037	0.005586021	0.013244526	0.002204028	0.001791556	0.010986962	0.009067403	0.001328827	0.041038899	0.00193838	0.01474179
lyxitol	0.021507547	0.045880168	0.054678634	0.0120396	0.301401641	0.041524302	0.034252111	0.067463071	0.024214108	0.023134688	0.032341407	0.084700183	0.055755366	0.104139176	0.017834065	0.02531226	0.027896313	0.164647463	0.431030597	0.069035582	0.083384232	0.07004868	0.049705962	0.223990362	0.065132824	0.144564015	0.084897492	0.133612026	0.131814522	0.049610134	0.053152618	0.041194986	0.057797963	0.013341409	0.022035458	0.05962342	0.104587969	0.071386021	0.020655583	0.163747991	0.028103319	0.034791096	0.207224492	0.023135498	0.032955196
lysine	0.102785497	0.075503154	0.14304137	0.180594007	0.54875921	3.197851297	0.547565995	0.751508624	0.340864241	0.124006903	1.084388367	1.292444894	1.296923612	1.140265124	0.212442273	1.280666835	0.110446626	0.137605804	0.103409161	0.820993271	0.139337568	0.958008484	1.045261144	1.905613669	0.55320879	1.223030465	0.981563828	1.172109727	0.080189461	1.418814001	0.699234759	0.99246771	2.000211788	1.172861884	0.097642836	0.583121751	0.142789122	2.758708513	0.519076906	0.77679934	1.875544537	0.657889968	0.621344287	0.540745363	0.210460432
levoglucosan	0.019645846	0.019312223	0.05705148	0.006279026	0.058543384	0.016441703	0.027391294	0.083594241	0.054615081	0.124255663	0.004725405	0.030973751	0.007397368	0.039276762	0.029100856	0.010683352	0.023290057	0.157900987	0.098265219	0.03814821	0.028712271	0.022904991	0.022422912	0.037417943	0.05625585	0.09196665	0.059473342	0.04188631	0.14865596	0.004477449	0.378691357	0.020005611	0.031472381	0.009738666	0.006066905	0.020756477	0.040882895	0.021305605	0.005321974	0.048226424	0.034805313	0.003563671	0.012399453	0.003001362	0.146864452
leucine	0.215712365	0.219253741	0.283606727	2.458267519	1.387305555	2.047532124	0.877664869	1.147172038	0.471588424	0.1720176	6.041399456	1.088770771	5.519475557	1.061215994	1.119569572	4.149086179	0.350644746	0.20830441	0.246591077	2.796459708	0.529254957	2.405429932	2.50689256	1.449471119	1.034351261	1.03141228	1.722979372	2.288371041	0.188227835	5.925455849	0.712256309	3.519685403	0.944703855	3.708405201	5.675704448	4.947685447	0.345616445	2.629895315	2.313425286	0.733749465	0.798044144	4.766501006	3.44699316	4.907601824	0.258408984
lauric acid	1.042699584	0.613026695	0.829516146	0.385324822	0.396881244	0.247225613	2.198476171	1.558606819	0.211100089	1.022963665	0.361524158	2.726153251	0.285562845	0.733682488	0.453864901	0.476076879	2.789268977	2.209275679	2.178221182	1.308967653	2.841992812	1.484185409	1.184879667	1.0875919	1.027207661	0.75406354	0.725913014	0.72744325	1.127220552	0.188590147	0.447335129	0.6600076	2.590673882	0.894437364	0.363785383	0.809267385	0.849291527	0.85853017	0.800719995	2.515644536	3.092604096	0.21333707	1.532484647	0.570508868	3.521224907
lactulose	0.003870379	0.029895758	0.003868771	0.036925282	0.02887931	0.003900404	0.048233625	0.079696374	0.061228626	0.091419332	0.007732481	0.037342186	0.065842686	0.103024063	0.070553007	0.003338548	0.505187213	0.996973007	0.03282578	0.010833631	0.012576449	0.050275005	0.038991565	0.076790127	0.070070312	0.117855892	0.255481695	0.060561359	0.053221145	0.000596993	0.050458504	0.000947011	0.018457487	0.00883798	0.001774284	0.016758062	0.048216641	0.019040354	0.022815988	0.013099839	0.018923277	0.004892498	0.004718376	0.003751702	0.083218158
lactose	0.00896556	0.036933263	0.01753843	0.039229512	0.031756778	0.005160535	0.024636572	0.025486049	0.032161029	0.068035884	0.007118792	0.023157945	0.004034928	0.02546175	0.05500845	0.003824154	0.062158574	0.083410974	0.013363645	0.045120919	0.041383637	0.009973819	0.037776531	0.144441309	0.119024983	0.146768695	0.081120512	0.011369983	0.059660518	0.002507371	0.063760691	0.003551292	0.018457487	0.022629733	0.003033453	0.010348838	0.011657372	0.010407911	0.004847739	0.013892168	0.020500217	0.007248145	0.000493784	0.006565479	0.01474179
lactobionic acid	0.001567748	0.003000487	0.001805427	0.007834381	0.004813218	0.006720696	0.082121905	0.005037243	0.003200102	0.005348342	0.000306844	0.001794741	0.00220087	0.000743409	0.003976514	0.001214017	0	0.015388656	0.002598487	0.010833631	0.003274623	0.003537226	0.006075173	0.001666852	0.003519274	0.004031415	0.005299047	0.006480301	0.00566885	0.001850679	0.002806368	0.004083986	0.005679227	0.004221965	0.001659814	0.009996037	0.004706732	0.001346906	0.002845412	0.004753974	0.007828379	0.001751635	0.001536215	0.00268872	0.009006076
lactic acid	7.407463658	3.754972625	2.832404828	21.05213435	5.527353468	6.960961156	5.955449386	3.450990928	2.641044513	2.159735071	24.35350938	9.775084251	21.10903047	11.20626743	12.62814468	19.74556626	3.66399176	4.892087053	3.095964232	11.10792889	2.227360374	7.298515815	10.57996916	4.635226781	5.14312938	4.323755364	6.614168523	7.187242997	0.584276812	15.05240705	2.823375028	15.25131901	5.975138002	7.995501074	12.68263675	9.142904519	1.625519246	5.332156219	15.08895601	3.956943786	3.291242184	25.75326348	7.850115847	29.07331702	4.691612324
isothreonic acid	0.012101057	0.007037505	0.004952027	0.013479744	0.051585145	0.010321069	0.033368521	0.028064637	0.018773934	0.011816104	0.01221241	0.015631613	0.016139711	0.04590549	0.014098551	0.009287232	0.035038597	0.109504781	0.061515193	0.011294636	0.016278197	0.049985068	0.019219638	0.007989392	0.032513885	0.035526843	0.013698599	0.015258163	0.038195941	0.01050708	0.014986007	0.015980814	0.017392632	0.009738666	0.008585243	0.014406053	0.007114828	0.015734312	0.014543217	0.016533265	0.022640349	0.009905798	0.00329189	0.011692806	0.025106325
isoleucine	0.148593142	0.142714055	0.13091922	1.019045611	0.820967635	1.108134803	0.637328356	0.609566323	0.223420483	0.066045803	2.511092428	0.782043793	2.690379815	0.653642145	0.405122474	2.370308051	0.100250756	0.05419483	0.237947132	1.431249377	0.314648526	1.385375018	1.229394117	0.595238437	0.708266931	0.414731798	0.833923369	1.152551	0.075346171	3.205972797	0.556334479	1.758658937	0.580878399	2.206117458	3.621713569	2.486073169	0.066605735	1.273499684	1.145857923	0.333412038	0.643785647	2.431148662	1.826340718	2.762628543	0.146411632
isocitric acid	0.010729277	0.004255236	0.000670587	0.028342026	0.035471327	0.002100218	0.016476357	0.005457013	0.034934451	0.005908052	0.001534222	0.001505266	0.006174662	0.006380925	0.002590759	0.001153316	0.065833228	0.07593967	0.034575781	0.005993072	0.010156076	0.01426488	0.009167988	0.001034598	0.013866988	0.005039268	0.005186301	0.023682555	0.005558775	0.000955189	0.001964458	0.000828635	0.004969323	0.002983522	0.001201934	0.008878833	0.002627013	0.001163237	0.004636968	0.019544115	0.002759645	0.001630833	0.005541349	0.001125511	0.004830074
indoxyl sulfate	0.002939528	0.003218704	0.002940266	0.008583256	0.017735663	0.010321069	0.008160215	0.009654715	0.008480271	0.011132014	0.001595591	0.002894743	0.006235798	0.011646737	0.003856014	0.001821026	0.012887165	0.014329292	0.018242437	0.005820195	0.010013701	0.010843628	0.00955459	0.007127227	0.015442782	0.001889726	0.009188772	0.005302065	0.0054487	0.002865567	0.004658572	0.001894022	0.004022786	0.001294736	0.00045788	0.006174023	0.019264765	0.001346906	0.005638131	0.009138194	0.002984922	0.003684474	0.002798107	0.002876305	0.009660149
indole-3-lactate	0.008573623	0.004746224	0.007943877	0.019873982	0.119179472	0.048305004	0.114191029	0.006476455	0.014293791	0.068160264	0.057993605	0.142189781	0.002689952	0.004832157	0.044705663	0.087591347	0.010195869	0.038137103	0.017500012	0.186015742	0.066821286	0.014090918	0.008836615	0.004828122	0.009612344	0.016440613	0.011838296	0.059147475	0.016621288	0.00173128	0.098952551	0.007753654	0.112933788	0.016324931	0.008642478	0.074323474	0.009358735	0.003367265	0.035514956	0.014420388	0.007828379	0.016066722	0.005157295	0.01306843	0.032049557
indole-3-acetate	0.002498599	0.00114564	0.000825338	0.000633663	0.009521802	0.002280236	0.005457468	0.004017801	0.007786916	0.003233881	0.000613689	0.001273687	0.000122271	0.003159487	0	0.000910513	0.010195869	0.007304036	0.00933334	0.010026871	0.013573074	0.007944263	0.002982358	0.001666852	0.005095068	0.002771598	0.002085795	0.001001501	0.005999074	0.000776091	0.005949501	0.000947011	0.002011393	0.0023643	0.000744054	0.002175608	0.002353366	0.001469352	0.001159242	0.007130961	0.003210199	0.000845617	0.002798107	0.000812869	0.017307767
hypoxanthine	0.012835939	0.029841203	0.01341174	0.031279919	0.246886711	0.366337953	0.162580582	0.929371262	0.223953833	0.234269811	0.049524698	0.070631731	0.244846755	0.834909979	0.208706759	0.064039412	0.047718739	0.083912778	0.279575948	0.172070324	0.119499998	0.566884022	0.230635662	0.051499965	0.296932139	0.057951588	0.387619623	0.321305109	0.025757493	0.18041134	0.107427784	0.170639576	0.17203324	0.236711506	0.249487175	0.183809478	0.034972115	0.702717628	0.051638957	0.030795187	0.383815868	0.186458532	0.163552081	0.117678397	0.194813003
hydroxyproline dipeptide NIST	0.006026032	0.002073063	0.004178273	0.008640862	0.082871064	0.052265415	0.056757671	0.003897866	0.008746947	0.002425411	0.024363451	0.048515894	0.01693447	0.003840945	0.001325505	0.008376719	0.030018296	0.017953431	0.037704571	0.026853574	0.006833995	0.015076703	0.0689256	0.011725439	0.019224688	0.003527488	0.057387547	0.045244284	0.007870345	0.017193404	0.00875587	0.00722096	0.024609982	0.004165672	0.005208381	0.013112448	0.001806072	0.007714098	0.015491687	0.017589704	0.013178711	0.037267546	0.013222426	0.035578644	0.01197456
hydroxylamine	6.240128085	6.62714753	5.764366037	4.323080663	2.993978768	1.783324752	3.4595152	1.790799716	1.99697057	2.769446042	2.338338989	1.803367049	1.896660608	0.861734645	6.185407999	7.144188226	3.37452223	2.392880182	3.113146062	2.229711001	2.477085947	1.476241146	1.561098568	0.617942105	2.322773061	0.661089036	1.951965834	1.160209538	1.900165497	6.876883887	3.218455577	3.683873465	2.686924941	5.922234782	2.239489373	1.766005713	1.07094578	0.473131367	8.391172478	10.23456636	2.838491522	3.247229397	7.544573566	2.80996252	5.350716235
hydroxycarbamate NIST	0.177400517	0.194977076	0.149334571	0.253350062	0.107408014	0.058446055	0.142309985	0.088031811	0.07312234	0.077613147	0.072660771	0.086379134	0.089929982	0.076137446	0.129598221	0.17839984	0.08006604	0.127569724	0.104416738	0.139915187	0.07564853	0.040997034	0.103001798	0.036440824	0.23500343	0.035400861	0.052426738	0.054729088	0.116679243	0.12877143	0.113770176	0.076826281	0.095541156	0.130993502	0.061642048	0.188748696	0.087457653	0.037652147	0.218042862	0.19570526	0.095911727	0.128533773	0.175238292	0.094542899	0.246233171
homovanillic acid	0.001665733	0.000709206	0.002785515	0.001843384	0.006435064	0.00270028	0.004729806	0.004737407	0.002400077	0.008457843	0.001411485	0.001100002	0.001222705	0.005699467	0.010182287	0.000849812	0.006158926	0.001616924	0.00159091	0.004033799	0.005979746	0.003131315	0.006793148	0.000804687	0.006565809	0.001385799	0.004002471	0.005950095	0.00126586	0.000358196	0.006230138	0.000473506	0.008045571	0.010526766	0.000972994	0.002058008	0.003995249	0.00489784	0.012698968	0.00464833	0.004956096	0.000906018	0.039502683	0.001438153	0.01152174
histidine	0.008328663	0.004473453	0.010058805	0.149717329	0.253844951	0.4498066	0.343508653	0.082454864	0.032534374	0.006467762	0.230256092	0.21148993	0.301580286	0.080969603	0.014881804	0.147078194	0.011541517	0.07147919	0.029962142	0.075720163	0.020834194	0.124730721	0.444039924	0.292618664	0.072696635	0.095683111	0.476519586	0.093434159	0.004513065	0.302018852	0.052310708	0.153001493	0.255387723	0.100989403	0.211311459	0.102429978	0.007990499	1.005220485	0.054484369	0.151334837	0.240201713	0.069521792	0.053932135	0.087852363	0.01197456
hippuric acid	0.00205767	0.002400389	0.001650676	0.001094509	0.151250155	0.004680485	0.020842332	0.004737407	0.003200102	0.011380774	0.003498027	0.002952638	0.001528382	0.003655093	0.003976514	0.003156445	0.005020301	0.093391297	0.00631061	0.009047234	0.008589952	0.009393946	0.014304271	0.001609374	0.004097065	0.001322808	0.005919148	0.010132834	0.005558775	0.002447672	0.004097298	0.00165727	0.024018396	0.005291529	0.001087464	0.006997226	0.004433085	0.012918054	0.006797373	0.006602742	0.006589355	0.00199324	0.0049927	0.003751702	0.008553257
hexuronic acid	0.01170912	0.014402336	0.012947488	0.046084595	0.079836644	0.023282412	0.031185534	0.039818204	0.064802074	0.042102645	0.008407539	0.028600062	0.014672465	0.065853625	0.015725307	0.007223403	0.073130779	0.26695972	0.204113776	0.027314579	0.009301827	0.058915115	0.03065201	0.131278929	0.055783112	0.033511136	0.052821348	0.125776752	0.006604485	0.009313094	0.05354551	0.015803249	0.030052574	0.011821502	0.031994341	0.029341308	0.020468812	0.07359005	0.009695478	0.022079568	0.028497554	0.045059302	0.021013233	0.010254653	0.103293155
hexitol	0.022144444	0.031532387	0.025637058	0.022005394	0.048707677	0.020042076	0.028274884	0.036100239	0.04720151	0.026492949	0.0027616	0.036936922	0.022864591	0.039028959	0.011628292	0.005159573	0.052324995	0.052856686	0.029856081	0.019592736	0.020407069	0.029051646	0.020048071	0.018335367	0.010032556	0.039243303	0.029426621	0.054788	0.03737038	0.004596848	0.021496782	0.014323544	0.026976326	0.012440724	0.013106805	0.038866943	0.054072692	0.024917762	0.011223569	0.012149044	0.005125054	0.017153943	0.006474051	0.013193487	0.067570729
hexadecane	0.039193707	0.030877735	0.035128443	0.032835274	0.127550286	0.082268523	0.218974422	0.211204387	0.34657109	0.946594319	0.085977821	0.831370215	0.134742134	0.094598764	0.143877523	0.284990558	0.561031594	0.509721337	0.796780846	0.261217274	0.636320881	0.077007159	0.155137829	0.094665673	0.081573609	0.145508878	0.349680704	0.108574499	0.587358905	0.080713478	0.399177846	0.15507308	0.245330759	0.091757373	0.090889111	0.119658441	0.086472523	0.09012026	0.372748963	0.323006117	0.302490833	0.054844298	0.151097763	0.10142102	0.173580801
heptadecanoic acid	0.045023771	0.046480266	0.042659651	0.039920781	0.145599855	0.038343972	0.116529944	0.159872486	0.160698476	0.105101137	0.01497401	0.118163413	0.026716113	0.045224032	0.037776887	0.013961199	0.17069024	0.075270598	0.097947036	0.052266505	0.120496623	0.068772959	0.033634367	0.033164598	0.045172765	0.053983164	0.075201364	0.150991015	0.078153078	0.016059117	0.141048078	0.044272772	0.091400054	0.02414964	0.016998782	0.032692921	0.022822179	0.033733875	0.038623832	0.050867521	0.110836336	0.019932399	0.044495383	0.010317181	0.266056601
glycyl-proline	0.010386332	0.017293714	0.015165583	0.037674157	0.103065654	0.18841952	0.080094846	0.081315488	0.047734861	0.017910726	0.038539666	0.092110725	0.0873623	0.089766607	0.023497585	0.035267202	0.067541165	0.027710731	0.046772759	0.093814631	0.057661834	0.181210369	0.13547636	0.01971483	0.089872791	0.056439807	0.237555133	0.126954989	0.049038304	0.103578317	0.08424718	0.046877053	0.075427229	0.070084619	0.053228509	0.096314755	0.062008461	0.145710747	0.032511466	0.070464458	0.143670474	0.05146183	0.074451585	0.057526102	0.043822863
glycyl tyrosine	0.002351622	0.002018509	0.002888683	0.047755162	0.046771926	0.047404911	0.021569994	0.006596389	0.031467674	0.006903092	0.004602667	0.030279013	0.010515266	0.02292177	0.002289508	0.004673967	0.028465625	0.012712368	0.016651527	0.014694552	0.010298451	0.014380855	0.046613146	0.015059142	0.031778515	0.011275363	0.07413028	0.115938477	0.006439373	0.006387827	0.04821341	0.007457713	0.0212971	0.028371605	0.009043123	0.017404864	0.003721602	0.056570055	0.00674468	0.010036167	0.05524921	0.032797856	0.014155128	0.028262824	0.015697742
glycolic acid	0.345688496	0.100870905	0.213556175	0.151445501	0.03322167	0.015121567	0.155719765	0.010914026	0.015200486	0.013495235	0.08438223	0.0416843	0.107475804	0.057180523	0.045729916	0.127532516	0.17188062	0.042151535	0.070159139	0.061140862	0.045417593	0.054798016	0.039819998	0.016840948	0.077056333	0.01984212	0.009921619	0.007835273	0.049368529	0.142502273	0.026548245	0.536896147	0.080633186	0.123056207	0.051339756	0.066209044	0.054674716	0.010346687	0.247076603	0.188996875	0.127337884	0.095192305	0.089210226	0.107048573	0.366532213
glycocyamine	0.004850221	0.004473453	0.002579181	0.002016201	0.008370815	0.002100218	0.010707033	0.004497538	0.005173499	0.005472722	0.001411485	0.004400009	0.002628817	0.003840945	0.000783253	0.001031915	0.013094188	0.007861596	0.006734853	0.015501312	0.008257744	0.004580998	0.005578113	0.002758927	0.005988018	0.001196826	0.004115217	0.002238649	0.00462314	0.001373084	0.007913959	0.00230834	0.009228743	0.003208693	0.001030229	0.003175212	0.001477695	0.00183669	0.003583111	0.003327782	0.005744566	0.001630833	0.004663511	0.000875397	0.006440099
glycine	0.976511211	0.940025182	0.808934282	1.332075224	0.457831237	0.57605968	0.785407665	0.430144539	0.333717346	0.265302632	1.503722023	0.559843313	1.132408601	0.733124931	1.117280064	1.673219325	0.430141474	0.392633741	0.427424534	1.03207619	0.231881252	1.04696103	0.764091088	0.337163835	0.516650366	0.741465369	0.530242899	0.610208713	0.216737197	1.877424165	0.406923423	1.006791254	0.627613701	1.166219326	1.194436304	2.189367274	0.257064203	0.462233672	1.508437173	2.049226872	0.366920085	1.240399228	1.202527513	1.05291526	0.450454757
glycerol-alpha-phosphate	0.026945674	0.096288343	0.019808109	0.099600331	0.251542977	0.345515795	0.079211255	0.274469755	0.225127204	0.074503646	0.049340591	0.196379371	0.085222566	0.349773818	0.066998244	0.017906755	0.092590915	0.073932454	0.34554569	0.10868206	0.082957108	0.25340458	0.039599083	0.670074324	0.16713923	0.511863698	0.136084027	0.446846214	0.192961049	0.018267991	0.205650679	0.038472329	0.199009567	0.042669993	0.08487944	0.103194381	0.043455179	0.262156899	0.031984538	0.086944901	0.201735647	0.070609013	0.108412919	0.067405585	0.237428348
glycerol-3-galactoside	0.006760914	0.032187038	0.011451563	0.015495945	0.013550256	0.110651463	0.012526189	0.009174978	2.105827386	0.024938199	0.003620765	0.006542119	0.002506546	0.00681458	0.021087577	0.020759696	0.020805784	0.052020346	0.015484859	0.00455243	0.003132248	0.006958478	0.129014585	0.018220412	0.045172765	0.003527488	0.017588325	0.006539213	0.024821858	0.010924975	0.005107591	0.00230834	0.006625764	0.01649381	0.001659814	0.002998811	0.023916767	0.003244819	0.002581948	0.017431238	0.009349	0.051703435	0.009546482	0.002626192	0
glycerol	3.087778226	2.011799004	3.023934798	1.531045464	0.992569333	0.643986717	1.267172184	0.880318114	5.393825936	1.162829024	1.733303058	0.490890533	1.918974982	0.50285407	2.282338552	1.78169177	2.41129723	0.863827683	0.957568835	1.724276034	0.842337359	1.691490071	1.308426596	0.251694585	1.798558884	0.246987147	0.726082133	0.404842081	0.964034724	1.658566464	0.941368228	3.084415392	0.822423007	2.876903262	0.959544043	1.99567936	0.762381169	0.164077648	2.426293292	2.654407753	0.641307598	0.921299641	2.521697672	1.125448172	1.376520907
glutamine	0.320702508	0.057773006	0.083307542	0.051672352	0.232394738	0.322473408	0.29979693	0.56782917	0.243634463	0.176681851	0.637009126	0.49621686	0.386069228	0.478941089	0.097304104	0.368393546	0.079082682	0.155447723	0.117621292	0.297751964	0.087228355	0.181674268	0.087537721	0.422920473	0.079840235	0.260971117	0.195331878	0.504815453	0.121522532	0.194022785	0.203686221	0.4152644	0.50462295	0.149907905	0.123284096	0.195745922	0.023971497	0.370460391	0.120666543	0.074161993	0.280582634	0.139466392	0.067154561	0.05877667	0.056954628
glutamic acid	0.478849116	0.642104138	0.895336841	4.919127296	2.146852338	9.414735367	2.910285977	3.126148746	0.650687489	0.409707862	2.289550718	3.81359244	3.267557897	5.165389862	1.108604033	1.662900178	0.752113573	0.711948343	1.023114334	2.900935092	0.681880848	4.134379811	4.338225873	3.498261589	1.309695021	4.297866122	4.04649857	3.749266548	3.226236098	2.594651777	1.487936545	1.86206072	3.182319148	1.559762759	2.344572752	3.920563259	9.199417679	4.143144279	1.090425083	0.627999956	1.00772081	3.279060834	5.685478539	7.057264734	0.544289016
glucose-6-phosphate	0.133062635	1.372477136	0.424430001	0.002649864	0.009364849	0.00492051	0.00961554	0.055649537	0.088482831	0.072264805	0.002025174	0.003531587	0.001283841	0.666837651	0.062238476	0.002852941	0.007711597	0.007694328	0.156492531	0.008874357	0.013288324	0.004812947	0.009885963	0.529484017	0.048061721	0.299899467	0.005693656	0.000589118	0.185090704	0.001074588	0.005107591	0.004971809	0.046439509	0.010864523	0.036515902	0.007467628	0.824499089	0.017264887	0.002950798	0.497688248	0.117031456	0.002899258	0.005157295	0.002376078	0.007396052
glucose-1-phosphate	0.082159808	0.752849371	0.277932529	0.020046799	0.265773361	0.048004973	0.083941061	0.465825007	0.156591678	0.652870847	0.024731665	0.104152856	0.057100342	0.259449655	0.267751974	0.12923214	0.097197171	0.349924646	0.42689423	0.450632932	0.066678911	0.146070054	0.158838162	0.232497053	0.693979731	0.36118957	0.172162642	0.055966236	1.592176327	0.04202832	1.159872075	0.119145843	0.185048134	0.108532648	0.025126146	0.078321889	0.687401829	0.039243945	0.037148434	0.32881653	0.204382653	0.010691014	0.048774841	0.016007263	0.67429852
glucose	0.073782154	0.199559638	0.074899412	0.086178193	0.037877936	0.031623276	0.02718339	0.178822113	0.370518523	0.159766166	0.033261941	0.037979029	0.136698463	0.291292329	0.215635534	0.028650808	0.044251108	0.233840657	1.296220581	0.095889156	0.994536126	0.105768868	0.420457206	3.588616438	1.734003851	0.361315551	0.258074845	0.194232296	0.304301666	0.034088311	0.925091291	0.110800307	0.105716437	0.340797017	0.213944267	0.085260314	0.99098606	0.897406777	0.01385821	0.357762949	0.500284131	0.142124045	0.147257224	0.078848277	0.469372548
gluconic acid lactone	0.001665733	0.00545543	0.001238007	0.003225922	0.015172101	0.003000311	0.015021032	0.020748642	0.016907208	0.025062579	0.002638862	0.003300007	0.007397368	0.003097536	0.011809043	0.001821026	0.018683801	0.024978687	0.1422804	0.012965781	0.009017077	0.01664236	0.00430785	0.012760036	0.003361694	0.00440936	0.015728021	0.003888181	0.013264008	0.005193841	0.019083305	0.002900222	0.005442592	0.001069564	0.000915759	0.003822014	0.00695064	0.000122446	0.001791556	0.004120111	0.003210199	0.001932839	0.003182161	0.003001362	0.020527816
gluconic acid	0.001224803	0.004746224	0.000876921	0.007143112	0.051585145	0.005220541	0.021414066	0.093488824	0.040587965	0.033520422	0.015280855	0.01273687	0.049947515	0.009106757	0.04675417	0.00491677	0.027119977	0.047727135	0.006893944	0.011006508	0.013857823	0.069758744	0.024576837	0.056040699	0.009927503	0.003275525	0.059360597	0.016613135	0.006439373	0.003701358	0.037156318	0.019532105	0.023663444	0.008331344	0.003090688	0.011877644	0.005089838	0.006795753	0.008588929	0.01230751	0.00619512	0.010087002	0.023482151	0.007628461	0.020074997
galactonic acid	0.002204646	0.004528007	0	0.007776775	0.036622314	0.005400559	0.023181247	0.072980051	0.045228114	0.032401001	0.011537352	0.008684229	0.041021766	0.006938482	0.032776119	0.003884855	0.026343642	0.044604799	0.010446977	0.009565865	0.014427323	0.03502434	0.018501663	0.048855994	0.005410226	0.004976278	0.044309049	0.027865295	0.006549448	0.013193549	0.02772692	0.014974614	0.017747583	0.002870936	0.000915759	0.013112448	0.004652003	0.005081509	0.004478889	0.010564387	0.008222614	0.008878978	0.019586747	0.004564571	0.011773306
fumaric acid	0.010729277	0.028422791	0.018724853	0.017569752	0.035785232	0.009961032	0.010862961	0.009474813	0.005706849	0.010447924	0.007671112	0.013257923	0.011004349	0.01276185	0.017472564	0.00631289	0.006521216	0.025536247	0.012621221	0.023453658	0.017701946	0.025224483	0.015850679	0.007644526	0.025790497	0.012220226	0.017193715	0.01514034	0.028014026	0.008895198	0.01919556	0.016276755	0.008163888	0.011708916	0.010187822	0.015346857	0.041594378	0.00979568	0.016124001	0.029844392	0.011545452	0.018724375	0.020354855	0.019821494	0.026766663
fucose	0.036548132	0.044461756	0.036521201	0.096143987	0.139007839	0.142994814	0.113463367	0.147039511	0.137711073	0.105101137	0.015342224	0.116831831	0.075196382	0.180152721	0.047356672	0.025372961	0.111067694	0.173401155	0.098689461	0.120495327	0.181053413	0.146070054	0.127357719	0.088170699	0.101691247	0.047306133	0.176897961	0.153524223	0.082831255	0.036834479	0.132179953	0.038945835	0.110567443	0.026795405	0.027530014	0.117776834	0.259745946	0.06605962	0.044420042	0.067770539	0.086168493	0.055871118	0.046196193	0.047396506	0.200548717
ethanolamine	1.277077952	1.499043118	0.816929743	0.911668504	0.369309873	0.438465425	0.322822249	0.33059903	0.294996107	0.282467078	0.856893875	0.218958367	1.08111611	0.354544024	0.902006031	0.427455487	0.384544718	0.369383489	0.190219827	0.402054471	0.348486294	0.711562381	0.393836903	0.030520627	0.280176195	0.261538035	0.23670954	0.22044806	0.457195504	0.793463641	0.15378899	0.486053485	0.207646724	0.407504064	0.246510957	0.848193128	1.580422183	0.16432254	0.457637086	0.756885471	0.183319244	0.394963506	0.04230079	0.38873889	0.211416384
deoxypentitol	0.014060742	0.02815002	0.02780357	0.022581452	0.071936687	0.066786919	0.096623178	0.108480618	0.031361004	0.030286541	0.095060418	0.153710858	0.120558752	0.165532349	0.023015584	0.058637035	0.018269756	0.034624475	0.016068193	0.110007451	0.026007148	0.14920137	0.160881629	0.125301255	0.040655488	0.173791772	0.160098855	0.127603019	0.101213739	0.102145534	0.037885974	0.060904656	0.125830365	0.048974794	0.089858881	0.168286221	0.019593141	0.170077502	0.051006644	0.007553536	0.071243884	0.100326408	0.012399453	0.030326261	0.016150561
dehydroascorbic acid	0.069764799	0.026513391	0.012637986	0.025404133	0.613580705	0.014641517	0.220221843	0.763082289	0.270355318	0.350938292	0.173980816	0.008047386	0.510846314	0.615480496	0.414883009	0.006434292	0.118572268	0.228711105	0.061939436	0.029619607	0.289400711	0.412289832	0.201750975	0.033681897	0.073747165	0.019401184	0.670329398	0.048543346	0.014750017	0.311272246	0.296520889	0.189343047	0.012068357	0.057587603	0.139710528	0.021109278	0.097090035	0.039305168	0.004110039	0.032908064	0.123902408	0.00350327	0.25188447	0.003501589	0.075369287
cystine	0.023075295	0.08799609	0.034767358	0.03329612	0.122370845	0.230963928	0.099533828	0.084014011	0.123683958	0.02916712	0.066278406	0.177447751	0.08956317	0.056746868	0.034583626	0.05760512	0.020805784	0.046110211	0.025401532	0.128908679	0.014284948	0.040997034	0.210090531	0.102252721	0.086826256	0.034015062	0.255256203	0.164187264	0.085418012	0.095877105	0.066567059	0.035572107	0.203387304	0.118665364	0.063588037	0.067973051	0.089592101	0.065692282	0.040995009	0.05165985	0.145641648	0.086796537	0.063588347	0.045458127	0.017760586
cysteine	0.043505015	0.052535793	0.039461467	0.115384305	0.113372219	0.484430187	0.095687612	0.153815801	0.020373985	0.009328503	0.210924891	0.10241601	0.305187267	0.368173185	0.026510096	0.147928006	0.030018296	0.026484099	0.010446977	0.263291799	0.025864773	0.292256084	0.245160848	0.633690978	0.017648894	0.483139867	0.278481812	0.415328386	0.068521536	0.181724725	0.045912188	0.100323996	0.124173924	0.053253052	0.199120413	0.350272892	0.019045847	1.005893938	0.078512292	0.072682979	0.085830577	0.175948722	0.063094563	0.194838408	0.00875451
creatinine	0.064326672	0.132075966	0.222892809	0.090268201	0.1585223	0.11641206	0.236178442	0.113038123	0.042188017	0.019465477	0.231176626	0.267590051	0.302741856	0.522802205	0.098087357	0.084495603	0.218823024	0.419173596	0.261757754	0.24600409	0.156612389	0.117308345	0.252561514	0.327450114	0.157631939	0.441565902	0.091662232	0.300332498	0.117504803	0.125428268	0.091319229	0.236279288	0.112815471	0.071885991	0.066220845	0.150410955	0.193523317	0.32313501	0.055485533	0.199931015	0.084704191	0.181143226	0.099744275	0.285379491	0.100727178
citrulline	0.012150049	0.011074523	0.009904054	0.012673264	0.077220764	0.014221473	0.075209112	0.031482766	0.031200998	0.022512788	0.063087224	0.019510568	0.056916936	0.028745138	0.026088345	0.020213388	0.029811273	0.023250251	0.022962137	0.059988348	0.025532565	0.035140315	0.108248539	0.018565278	0.023006594	0.036597687	0.098201481	0.027629647	0.013759345	0.045789377	0.024471533	0.025569302	0.027804547	0.01728191	0.009615473	0.059094218	0.01477695	0.069977892	0.045473898	0.014420388	0.032439903	0.015825117	0.036210793	0.013318543	0.015898995
citric acid	0.73218744	0.031095952	0.022799959	0.028918083	0.21172929	0.003780392	0.043659747	0.006476455	0.041014646	0.17382111	0.00889849	0.005094748	0.349816013	0.012204294	0.085555311	0.011533164	1.722273834	0.19464419	0.771856587	0.039646478	0.034549642	0.019483739	0.072736391	0.002011717	0.05446995	0.005795159	0.108630456	0.367727629	0.015245354	0.036535983	0.02346124	0.004971809	0.01064855	0.011314866	0.003663037	0.008290831	0.058505777	0.005142732	0.008957778	0.185827559	0.015037247	0.004409288	0.064959968	0.018570927	0.032049557
cellobiose	0.010680285	0.029895758	0.050139276	0.019240318	0.02887931	0.003900404	0.016112526	0.079696374	0.061228626	0.091419332	0.007732481	0.037342186	0.06229684	0.103024063	0.070553007	0.003338548	0.478274259	0.981026791	0.03913639	0.08378776	0.012576449	0.050275005	0.038991565	0.076790127	0.070070312	0.051085584	0.255481695	0.104863054	0.053221145	0.011462269	0.050458504	0.00295941	0.010885184	0.00883798	0.001774284	0.016758062	0.048216641	0.019040354	0.022815988	0.013099839	0.018923277	0.004892498	0.004718376	0.001563209	0.083218158
capric acid	0.044239897	0.022912807	0.031466006	0.018491444	0.046458021	0.01824189	0.065801476	0.041017547	0.022240712	0.038184673	0.016753708	0.034679022	0.023170267	0.021620805	0.025726844	0.006070086	0.061382239	0.027710731	0.05308337	0.021840138	0.029566521	0.026036306	0.0315909	0.016208694	0.025055127	0.01543276	0.029764858	0.016495312	0.028729512	0.020835062	0.040860724	0.04468709	0.032892188	0.021391289	0.006066905	0.032692921	0.014612762	0.009244673	0.024818315	0.025354528	0.039198216	0.012201044	0.032918903	0.009942011	0.066413524
benzoic acid	0.593343733	0.019694103	0.326782214	0.28572449	0.267866065	0.128893353	0.228382058	0.154235571	0.197499653	0.218100406	0.190795893	0.024721106	0.276086878	0.091687079	0.252749669	0.291971157	0.396241502	0.13515254	0.179560728	0.306165315	0.129371325	0.286863263	0.249910529	0.03603848	0.29677456	0.047936042	0.122780038	0.079825527	0.155315483	0.275154159	0.193358785	0.463739534	0.148843065	0.327737072	0.1316404	0.351860498	0.150615433	0.035509342	0.42849796	0.52425768	0.133364046	0.181566034	0.379335488	0.208094423	0.348570373
aspartic acid	0.175146878	0.253131962	0.281027546	0.183301477	0.523280543	1.302854976	0.646528089	0.938666174	0.197872999	0.089180491	0.879232152	1.104749752	1.200757833	1.346870807	0.392048176	0.709471702	0.121832876	0.132866544	0.317015368	1.384169184	0.374920567	1.83442881	1.391877383	1.77772592	0.786478846	1.277328583	1.041713644	1.193730368	0.296376284	1.117989136	0.528607559	0.468237837	0.902582924	0.882278105	1.37741646	1.534038858	0.345233339	2.9346022	0.423492142	0.213030854	0.682251712	1.131677052	0.720375319	0.748089446	0.150788887
asparagine	0.001567748	0.004473453	0.107861343	0.013594956	0.03756403	0.115511967	0.059980176	0.066743465	0.009386967	0.022948118	0.049524698	0.059631708	0.066698579	0.147504687	0.115981672	0.021488106	0.02577433	0.019180063	0.020204559	0.067422063	0.015423947	0.130007567	0.114931229	0.207666712	0.058882174	0.093289458	0.154179708	0.163126851	0.024436596	0.068952713	0.049616594	0.027640889	0.065251948	0.044077315	0.070284526	0.055742606	0.004378356	0.312665876	0.008536236	0.022449321	0.074116168	0.038294367	0.036759441	0.039768045	0.036426812
arabitol	0.021507547	0.045880168	0.054678634	0.0120396	0.301401641	0.041524302	0.034252111	0.067463071	0.024214108	0.023134688	0.032341407	0.084700183	0.055755366	0.104139176	0.017834065	0.02531226	0.027896313	0.155726503	0.450386671	0.069035582	0.08651648	0.07004868	0.049705962	0.223990362	0.065132824	0.144564015	0.084897492	0.094906955	0.131814522	0.049610134	0.053152618	0.041194986	0.057797963	0.013341409	0.022035458	0.05962342	0.104587969	0.071386021	0.020655583	0.164804429	0.028103319	0.034791096	0.198610713	0.023135498	0.032955196
aminomalonate	0.006368977	0.004746224	0.003507686	0.018203415	0.025164761	0.026042698	0.023181247	0.01421222	0.011787044	0.007587183	0.018594775	0.03560534	0.014978141	0.052596169	0.008073529	0.016328533	0.012524875	0.00892096	0.022219712	0.034460165	0.005410246	0.035140315	0.033744825	0.027991611	0.031043144	0.077541744	0.023620218	0.031517828	0.0054487	0.01665611	0.017792376	0.010357935	0.026739692	0.009344616	0.015167263	0.053919799	0.005582403	0.043345886	0.011170876	0.017431238	0.017796891	0.025308107	0.017995667	0.017507944	0.00875451
alpha-ketoglutarate	0.005340143	0.013584021	0.010471474	0.002937893	0.025635619	0.005100528	0.017411923	0.006656356	0.0062402	0.008333463	0.003436658	0.006600014	0.002262005	0.005699467	0.002530509	0.00072841	0.019253114	0.046612015	0.006045459	0.005820195	0.009444202	0.003131315	0.005467656	0.003965957	0.00803655	0.009511619	0.003156879	0.011428895	0.027243502	0.001014888	0.006061756	0.001006199	0.006744082	0.00275835	0.001659814	0.002881211	0.020304624	0.000122446	0.00205502	0.01584658	0.007096229	0.002718054	0.002414053	0.001625738	0.016351815
alpha-aminoadipic acid	0.018421042	0.025531413	0.04492933	0.002937893	0.02997798	0.030783189	0.014501273	0.064464712	0.019840635	0.012002674	0.013746632	0.07752122	0.004951957	0.069570669	0.010724539	0.026404876	0.0136635	0.007861596	0.007159096	0.055320667	0.006833995	0.045114134	0.03639581	0.021726548	0	0.136312213	0.080162173	0.02061914	0.124659663	0.049371336	0.045238659	0.040484728	0.04129271	0.014354681	0.011160816	0.034221726	0.038748447	0.046835597	0.020286733	0.021921102	0.024273608	0.004046881	0.010698643	0.015256923	0.009660149
alanine	1.752644595	4.34328622	5.15330651	1.61595633	0.666316836	0.847047754	0.672100226	0.721285168	0.272862065	0.244033645	5.061645055	1.058665442	2.754694119	1.316886654	1.921379489	4.293007928	0.219030047	0.258707832	0.36118964	0.928234689	0.654734701	0.907327567	0.982907777	1.017986478	0.510977507	1.833096908	0.875244658	0.92597611	1.194971565	4.119372369	0.508570088	2.919813013	0.839224052	3.002492648	3.777907765	1.198760021	1.656277194	1.626695188	1.573723569	3.024319746	0.7190282	2.097975593	1.958510112	2.842664859	0.444920296
adipic acid	0.018274066	0.017839257	0.027545652	0.007373535	0.074814155	0.006000622	0.042620229	0.016071203	0.008320266	0.016231596	0.005645938	0.017136879	0.011982513	0.022983721	0.017773815	0.011351062	0.050979347	0.022692691	0.024818199	0.03895497	0.026291898	0.02876171	0.022312454	0.005862719	0.028416821	0.010771436	0.010203483	0.01514034	0.019263083	0.008119107	0.02346124	0.016395131	0.025319885	0.01531166	0.007726719	0.018345668	0.016692481	0.008387551	0.025239858	0.022343677	0.015037247	0.004711294	0.024305123	0.005565025	0.095444284
adenine	0.01974383	0.030113975	0.024914887	0.020738068	0.026263431	0.129433409	0.048597457	0.107281274	0.036534502	0.026057619	0.020497211	0.081168596	0.025554543	0.171417668	0.017713564	0.050988726	0.022306699	0.029327655	0.050325792	0.105282144	0.151914017	0.032009	0.116256721	0.026152326	0.0267885	0.064250673	0.114887841	0.139326473	0.058064434	0.022148447	0.034069313	0.034092402	0.047977633	0.019871382	0.022951218	0.078263089	0.069451666	0.038999053	0.0175994	0.018223567	0.031200879	0.024643693	0.050749975	0.036704155	0.03778527
aconitic acid	0.002841544	0.004746224	0.003404519	0.001382538	0.024170727	0.003180329	0.015384863	0.006776291	0.001333376	0.014676845	0.001902436	0.000405264	0.002812222	0.007434088	0.001205004	0.001335419	0.007711597	0.022302399	0.024818199	0.007433715	0.005267871	0.005566783	0.00955459	0.001264508	0.002468744	0.003527488	0.002029422	0.004064916	0.006329299	0.001432784	0.007352685	0.001124576	0.002957931	0.00197025	0.009672708	0.002352009	0.012204666	0.00061223	0.003056183	0.008715619	0.004336584	0.000543611	0.003785674	0.001000454	0.00830169
7-methylguanine NIST	0.000783874	0.003818801	0.000928505	0.002361836	0.005807253	0.002760286	0.014137442	0.003298195	0.005706849	0.006032432	0.001043271	0.004515799	0.000855894	0.005699467	0	0.001092616	0.010195869	0.007694328	0.0047197	0.014406424	0.004840747	0.00713244	0.005357198	0.00195424	0.00625065	0.001637762	0.005806402	0.003063415	0.005173514	0.000298497	0.003536024	0.001775646	0.005915861	0.001745079	0.001316404	0.001234805	0.004542544	0.002081582	0.002845412	0.00491244	0.00236541	0.000906018	0.001865404	0.00193838	0.003672869
5-hydroxy-3-indoleacetic acid	0.00205767	0.002673161	0.004075106	0.001843384	0.008527767	0.004500466	0.010135298	0.001858982	0.006613545	0.006343382	0.000675058	0.001273687	0.000672488	0.007434088	0.000301251	0.000849812	0.008850222	0.009868812	0.01405304	0.007260838	0.008589952	0.006378605	0.009057531	0.00097712	0.005672859	0.002645616	0.004227963	0.006185742	0.003797579	0.000119399	0.006230138	0.000947011	0.005087641	0.002814643	0.001144699	0.001470005	0.003447955	0.00244892	0.001580784	0.002799562	0.003717072	0.001691234	0.002468918	0.000687812	0.007597305
5-aminovaleric acid	0.943735474	0.042388693	0.832250077	0.047294316	0.025792572	0.026042698	0.036227195	0.016850776	0.011787044	0.020273947	0.022399647	0.0462001	0.016078576	0.016293042	0.004398266	0.021488106	0.00382992	0.011095444	0.109878863	0.039934606	2.13956252	0.0237748	0.022201996	0.03994696	0.017176156	0.018708284	0.020801577	0.031517828	0.26852737	0.013074151	0.015266644	0.007457713	0.022480272	0.00844393	0.038290186	0.044511764	3.550791661	0.039733729	0.019917884	0.017589704	0.012164964	0.019509591	0.009656211	0.015632093	0.0170562
4-hydroxyphenylacetic acid	0.023173279	0.003327812	0.002785515	0.001267326	0.007115192	0.003780392	0.012526189	0.00233872	0.001973396	0.005659292	0.000306844	0.002315794	0.000550217	0.005637516	0.001988257	0.000607009	0.009988847	0.013771732	0.008166672	0.008874357	0.012576449	0.004001125	0.001215035	0.002816404	0.011923509	0.00296057	0.007892197	0.002120826	0.012713634	0.000417895	0.013133804	0.001894022	0.003667834	0.002139129	0.004693266	0.001881607	0.005691862	0.001714244	0.001738863	0.010828496	0.004843458	0.001208024	0.002633512	0.000937926	0.012427379
4-hydroxyhippuric acid NIST	0.001714725	0.002345835	0.000928505	0.001785778	0.015172101	0.003300342	0.003430409	0.000599672	0.007680246	0.004104541	0.001411485	0.004689484	0.000672488	0.007186285	0	0.001092616	0.006158926	0.014329292	0.014318192	0.007952346	0.000854249	0.003131315	0.00430785	0.001379463	0.0071436	0.002771598	0.007610333	0.000765854	0.0054487	0.001373084	0.002806368	0.001006199	0.005915861	0.001745079	0.000801289	0.001234805	0.000273647	0.00183669	0.001475399	0.00491244	0.004618181	0.001268425	0.002084864	0.001625738	0.009458896
3-phosphoglycerate	0.00367441	0.015493422	0.008820799	0.001843384	0.042900424	0.029463052	0.027027463	0.023027395	0.009546972	0.031841291	0.004602667	0.026573742	0.00336244	0.016850598	0.008977283	0.017663952	0.024997994	0.024755663	0.023068198	0.065693292	0.016990071	0.02162927	0.015629763	0.006609929	0.053787106	0.022298763	0.012571143	0.013667544	0.037040156	0.002029777	0.038166611	0.007280148	0.031117429	0.00765583	0.005380086	0.047392975	0.054619986	0.012244601	0.012066654	0.032643954	0.020669174	0.005919318	0.005541349	0.005314912	0.026062277
3-hydroxybutyric acid	0.065943412	0.086250352	0.059011658	0.036867676	0.033064717	0.012181262	0.025728065	0.012413205	0.026187505	0.018035106	0.020128997	0.013547398	0.021641885	0.029488547	0.061816725	0.035449305	0.039851875	0.043266655	0.032719719	0.011006508	0.021403693	0.00713244	0.009444133	0.005862719	0.027523871	0.00736993	0.014149582	0.036643157	0.015245354	0.030804848	0.017960758	0.034329155	0.022835224	0.062710254	0.019803295	0.03516253	0.01083643	0.004469279	0.104489849	0.091593231	0.014699331	0.023435669	0.118837239	0.047834205	0.068224802
3-hydroxy-3-methylglutaric acid	0.001567748	0.002291281	0.002579181	0.00230423	0.010306565	0.003120323	0.015021032	0.005876783	0.001973396	0.008333463	0.000122738	0.004689484	0.000978164	0.001177064	0.000241001	0.000485607	0.012317852	0.002843556	0.004136366	0.015213183	0.005267871	0.010959603	0.00717975	0.000862165	0.008614341	0.002078698	0.005186301	0.002297561	0.000715486	0.001193986	0.004939208	0.000591882	0.002957931	0.002589472	0.000686819	0.009231634	0.003447955	0.00183669	0.002687333	0.007817646	0.007096229	0.000966419	0.002249458	0.001688266	0.004125689
3-aminoisobutyric acid	0.005389135	0.047735014	0.012173734	0.000979298	0.011457552	0.002760286	0.017411923	0.010674157	0.008480271	0.006032432	0.002822969	0.003068428	0.000733623	0.021434952	0.005241769	0.001942428	0.010972205	0.012712368	0.027681837	0.006281201	0.010298451	0.010553692	0.004915367	0.002529016	0.012816459	0.003023561	0.008117688	0.010721953	0.007705233	0.006566925	0.006791412	0.003196163	0.003667834	0.001913957	0.005551791	0.003763214	0.007279016	0.007040645	0.002581948	0.012149044	0.006701994	0.003322066	0.011850805	0.004189401	0.007597305
2-hydroxyvaleric acid	0.038997739	0.022640035	0.032704013	0.009447342	0.011771458	0.005400559	0.020114669	0.006056685	0.01386711	0	0.016017281	0.020263202	0.005441039	0.007372137	0.004699517	0.00631289	0.006728239	0.002564776	0	0.027026451	0.044990468	0.049985068	0.005357198	0.014541843	0.004937488	0	0.000338237	0.003181239	0.002972018	0.053609988	0.010720327	0.009292547	0.006152496	0.010357888	0.066907664	0.005586021	0.004049979	0.031162509	0.013225896	0.018382033	0.016557867	0.007308546	0.012399453	0.008566387	0.025357891
2-hydroxyglutaric acid	0.124831957	0.714934131	0.480862478	0.010772274	0.025792572	0.014521504	0.035551508	0.007615831	0.02021398	0.015049985	0.015587699	0.042321144	0.003668116	0.027815877	0.008495281	0.01335419	0.022306699	0.018399479	0.027522746	0.020514747	0.005552621	0.01124954	0.008836615	0.039832004	0.010925506	0.344056057	0.008230434	0.127838666	0.759570863	0.002686469	0.012291894	0.005563691	0.031590698	0.004728601	0.002976218	0.024696091	1.036137853	0.012305824	0.009379321	0.146316753	0.009349	0.010630613	0.004882971	0.006940649	0.018464972
2-deoxytetronic acid	0.004703245	0.005128104	0.005106778	0.002765076	0.009207896	0.004860504	0.019387007	0.003897866	0.003040097	0.009017553	0.001841067	0.003878956	0.00220087	0.003655093	0.002289508	0.000971214	0.019822426	0.010537884	0.011030311	0.016480949	0.000996624	0.014090918	0.001215035	0.001436941	0.013866988	0.002645616	0.004509827	0.001237148	0.008530794	0.002447672	0.006903666	0.001538893	0.008045571	0.003321279	0.000744054	0.005880022	0.007279016	0.002816258	0.002476562	0.007289427	0.002872283	0.002597252	0.004718376	0.002626192	0.012678945
"2,3-dihydroxybutanoic acid NIST"	0.003821386	0.006546516	0.001547509	0.003398739	0.005964205	0.002280236	0.011070864	0.002578588	0.004213468	0.0012438	0.001411485	0.006657909	0.001406111	0.004336551	0.001867757	0.001578222	0.0136635	0.025815027	0.019356074	0.009853994	0.009871326	0.005972694	0.009444133	0.002069195	0.014129621	0.002645616	0.004002471	0.001531708	0.008971093	0.001014888	0.001964458	0.00065107	0.003431199	0.002139129	0.001201934	0.006526824	0.007662122	0.002938704	0.003477726	0.018117923	0.002872283	0.00048321	0.003785674	0.001500681	0.00598728
"1,2-anhydro-myo-inositol NIST"	0.012199041	0.029186552	0	0.010714668	0.00868472	0.006480671	0.008887877	0.018289988	0.045654794	0.024067538	0.004909512	0.006021066	0.020480315	0.035497768	0.017532814	0.003702753	0.007711597	0.027989511	0.186772855	0.01244715	0.169046463	0.00626263	0.040317058	0.382801081	0.273767965	0.052093438	0.024916794	0.016024017	0.028069063	0.004716246	0.101197646	0.015862437	0.013724798	0.045203172	0.036286962	0.004233616	0.162601181	0.098691481	0.003530419	0.050075192	0.046632361	0.017455949	0.002029999	0.009066614	0.072400804
Sample Type	CV Fluid	CV Fluid	CV Fluid	CV Fluid	CV Fluid	CV Fluid	CV Fluid	CV Fluid	CV Fluid	CV Fluid	CV Fluid	CV Fluid	CV Fluid	CV Fluid	CV Fluid	CV Fluid	CV Fluid	CV Fluid	CV Fluid	CV Fluid	CV Fluid	CV Fluid	CV Fluid	CV Fluid	CV Fluid	CV Fluid	CV Fluid	CV Fluid	CV Fluid	CV Fluid	CV Fluid	CV Fluid	CV Fluid	CV Fluid	CV Fluid	CV Fluid	CV Fluid	CV Fluid	CV Fluid	CV Fluid	CV Fluid	CV Fluid	CV Fluid	CV Fluid	CV Fluid
Trimester	T0A	T1A	T2A	T1A	T0A	T2A	T1A	T0A	T1A	T0A	T2A	T0A	T0A	T2A	T1A	T1A	T1A	T2A	T0A	T2A	T1A	T2A	T0A	T0A	T2A	T1A	T1A	T0A	T2A	T2A	T0A	T1A	T0A	T0A	T2A	T1A	T0A	T1A	T2A	T1A	T2A	T0A	T2A	T1A	T2A
Individual	1018	1018	1018	1062	1088	1062	1088	1089	1089	1103	1088	1120	1111	1089	1103	1120	1111	1103	1126	1120	1126	1111	1137	1146	1126	1146	1137	1157	1146	1137	1180	1180	1191	1202	1180	1191	1198	1202	1191	1198	1202	1222	1198	1222	1222
AliqoutID	103756	106769	111047	119267	122974	226303	226874	227761	230844	231284	233868	235827	236256	236738	237533	239925	251073	258708	258753	267434	270524	270558	272237	272747	276826	276844	276877	277188	282940	283505	299967	305989	307975	311595	311867	312343	312444	316216	320150	320410	320952	328380	328867	335608	341330
Mother-Baby	Mother	Mother	Mother	Mother	Mother	Mother	Mother	Mother	Mother	Mother	Mother	Mother	Mother	Mother	Mother	Mother	Mother	Mother	Mother	Mother	Mother	Mother	Mother	Mother	Mother	Mother	Mother	Mother	Mother	Mother	Mother	Mother	Mother	Mother	Mother	Mother	Mother	Mother	Mother	Mother	Mother	Mother	Mother	Mother	Mother
Dominant Microbe	G. vaginalis	G. vaginalis	G. vaginalis	L. iners	L. crispatus	L. iners	L. crispatus	other	no data	no data	L. crispatus	L. crispatus	L. iners	G. vaginalis	no data	no data	L. iners	no data	no data	L. crispatus	G. vaginalis	L. iners	no data	G. vaginalis	other	G. vaginalis	L. iners	L. crispatus	G. vaginalis	no data	L. crispatus	L. iners	L. crispatus	other	L. iners	L. crispatus	G. vaginalis	no data	no data	no data	other	L. crispatus	L. iners	L. iners	L. iners
16S_dominant	G. vaginalis	G. vaginalis	G. vaginalis	L. iners	L. crispatus	L. iners	L. crispatus	G. vaginalis	G. vaginalis	L.sp.other	L. crispatus	L. crispatus	L. iners	G. vaginalis	G. vaginalis	L. crispatus	L. iners	L.sp.other	L. iners	L. crispatus	L. iners	L. iners	L. iners	G. vaginalis	L. iners	G. vaginalis	L. iners	L. crispatus	G. vaginalis	L. iners	L. iners	L. iners	L. crispatus	L.sp.other	L. iners	L. crispatus	L. iners	L.sp.other	L. crispatus	L. iners	L.sp.other	L. iners	L. iners	L. iners	L. iners
Dyad	18	18	18	62	88	62	88	89	89	103	88	120	111	89	103	120	111	103	126	120	126	111	137	146	126	146	137	157	146	137	180	180	191	202	180	191	198	202	191	198	202	222	198	222	222
16S Data	y	y	y	y	y	y	y	y		y	y	y	y	y	y	y		y	y	y	y	y	y	y	y	y	y	y	y	y	y	y	y	y	y	y	y	y		y	y	y	y	y	y
GC	GC	GC	GC	GC	GC	GC	GC	GC	GC	GC	GC	GC	GC	GC	GC	GC	GC	GC	GC	GC	GC	GC	GC	GC	GC	GC	GC	GC	GC	GC	GC	GC	GC	GC	GC	GC	GC	GC	GC	GC	GC	GC	GC	GC	GC